{
  "asset": {
    "version": "2.0",
    "generator": "THREE.GLTFExporter"
  },
  "scenes": [
    {
      "nodes": [
        0
      ]
    }
  ],
  "scene": 0,
  "nodes": [
    {
      "children": [
        772
      ],
      "matrix": [
        0.01,
        0,
        0,
        0,
        0,
        0.01,
        0,
        0,
        0,
        0,
        0.01,
        0,
        0,
        0,
        0,
        1
      ]
    },
    {
      "matrix": [
        1,
        0,
        0,
        0,
        0,
        0.17683800734227187,
        -0.98423997031172,
        0,
        0,
        0.98423997031172,
        0.17683800734227187,
        0,
        -218.03464920043078,
        -256.77321914651577,
        -803.1198580739115,
        1
      ],
      "name": "BG",
      "mesh": 0
    },
    {
      "matrix": [
        1,
        0,
        0,
        0,
        0,
        1,
        0,
        0,
        0,
        0,
        1,
        0,
        0,
        0.07577505478582225,
        -1.5,
        1
      ],
      "name": "Rectangle",
      "mesh": 1
    },
    {
      "matrix": [
        1,
        0,
        0,
        0,
        0,
        1,
        0,
        0,
        0,
        0,
        1,
        0,
        -0.2683810159430777,
        0,
        1.5,
        1
      ],
      "name": "Text 3",
      "mesh": 2
    },
    {
      "matrix": [
        0.9959579375040832,
        0,
        -0.08982085906187182,
        0,
        0,
        1,
        0,
        0,
        0.08982085906187182,
        0,
        0.9959579375040832,
        0,
        -546.9515493039326,
        -129.49314732811087,
        2.5,
        1
      ],
      "name": "CTA",
      "children": [
        2,
        3
      ]
    },
    {
      "matrix": [
        -7.36,
        0,
        0,
        0,
        0,
        1,
        0,
        0,
        0,
        0,
        1,
        0,
        -19.346445559474034,
        -97.83572994119174,
        0,
        1
      ],
      "name": "Text 2"
    },
    {
      "matrix": [
        0.69,
        0,
        0,
        0,
        0,
        0.58,
        0,
        0,
        0,
        0,
        1,
        0,
        17.062421855615412,
        23.700958321082616,
        0,
        1
      ],
      "name": "Text 4",
      "mesh": 3
    },
    {
      "matrix": [
        1,
        0,
        0,
        0,
        0,
        1,
        0,
        0,
        0,
        0,
        1,
        0,
        -6.999999999999943,
        47.74214570785546,
        0,
        1
      ],
      "name": "Text",
      "mesh": 4
    },
    {
      "matrix": [
        0.8693478286136218,
        0,
        0,
        0,
        0,
        0.9975092742877324,
        0,
        0,
        0,
        0,
        1,
        0,
        -458.96535226003965,
        -16.589902794366935,
        0,
        1
      ],
      "name": "Text",
      "children": [
        5,
        6,
        7
      ]
    },
    {
      "matrix": [
        1,
        0,
        0,
        0,
        0,
        1,
        0,
        0,
        0,
        0,
        1,
        0,
        352.9305171463861,
        85.04270908336042,
        13.838315041115408,
        1
      ],
      "name": "Сursor",
      "mesh": 5
    },
    {
      "matrix": [
        1.39,
        0,
        0,
        0,
        0,
        1.389999999999999,
        0,
        0,
        0,
        0,
        1.389999999999999,
        0,
        0,
        0,
        0,
        1
      ],
      "name": "Sphere",
      "mesh": 6
    },
    {
      "matrix": [
        1,
        0,
        0,
        0,
        0,
        1,
        0,
        0,
        0,
        0,
        1,
        0,
        -0.6810077995496646,
        0.3405038997748307,
        0.6810077995496646,
        1
      ],
      "name": "Group",
      "children": [
        10
      ]
    },
    {
      "matrix": [
        -0.6480817695946068,
        0.7527701197406563,
        0.1154433486380255,
        0,
        0.7411041022635135,
        0.6582834851533479,
        -0.13201349469866264,
        0,
        -0.1753702640909072,
        1.3877787807814457e-16,
        -0.9845025497542834,
        0,
        -96.99674224853516,
        111.7430191040039,
        17.26524543762207,
        1
      ],
      "name": "Clone 0",
      "children": [
        11
      ]
    },
    {
      "matrix": [
        1.39,
        0,
        0,
        0,
        0,
        1.389999999999999,
        0,
        0,
        0,
        0,
        1.389999999999999,
        0,
        0,
        0,
        0,
        1
      ],
      "name": "Sphere",
      "mesh": 7
    },
    {
      "matrix": [
        1,
        0,
        0,
        0,
        0,
        1,
        0,
        0,
        0,
        0,
        1,
        0,
        -0.6810077995496646,
        0.3405038997748307,
        0.6810077995496646,
        1
      ],
      "name": "Group",
      "children": [
        13
      ]
    },
    {
      "matrix": [
        -0.46055633101996984,
        0.867817885831538,
        0.18649392212161703,
        0,
        0.8043734763674115,
        0.49688239758606845,
        -0.3257164310957085,
        0,
        -0.3753280917730902,
        1.1102230246251565e-16,
        -0.9268920236607772,
        0,
        -69.06098175048828,
        129.00827026367188,
        27.935754776000977,
        1
      ],
      "name": "Clone 1",
      "children": [
        14
      ]
    },
    {
      "matrix": [
        1.39,
        0,
        0,
        0,
        0,
        1.389999999999999,
        0,
        0,
        0,
        0,
        1.389999999999999,
        0,
        0,
        0,
        0,
        1
      ],
      "name": "Sphere",
      "mesh": 8
    },
    {
      "matrix": [
        1,
        0,
        0,
        0,
        0,
        1,
        0,
        0,
        0,
        0,
        1,
        0,
        -0.6810077995496646,
        0.3405038997748307,
        0.6810077995496646,
        1
      ],
      "name": "Group",
      "children": [
        16
      ]
    },
    {
      "matrix": [
        -0.5228736858739256,
        0.8524101762770172,
        1.0439013939382802e-16,
        0,
        0.8524101762770172,
        0.5228736858739255,
        6.403355857638816e-17,
        0,
        0,
        1.2246467991473532e-16,
        -1,
        0,
        -78.31974792480469,
        126.72401428222656,
        0,
        1
      ],
      "name": "Clone 2",
      "children": [
        17
      ]
    },
    {
      "matrix": [
        1.39,
        0,
        0,
        0,
        0,
        1.389999999999999,
        0,
        0,
        0,
        0,
        1.389999999999999,
        0,
        0,
        0,
        0,
        1
      ],
      "name": "Sphere",
      "mesh": 9
    },
    {
      "matrix": [
        1,
        0,
        0,
        0,
        0,
        1,
        0,
        0,
        0,
        0,
        1,
        0,
        -0.6810077995496646,
        0.3405038997748307,
        0.6810077995496646,
        1
      ],
      "name": "Group",
      "children": [
        19
      ]
    },
    {
      "matrix": [
        -0.581758650727026,
        0.74015918583826,
        0.3372258174035828,
        0,
        0.6403535329668607,
        0.6724316914150046,
        -0.3711912892264789,
        0,
        -0.5015019692096234,
        1.3877787807814457e-16,
        -0.8651565031130901,
        0,
        -87.05536651611328,
        110.35670471191406,
        49.3530158996582,
        1
      ],
      "name": "Clone 3",
      "children": [
        20
      ]
    },
    {
      "matrix": [
        1.39,
        0,
        0,
        0,
        0,
        1.389999999999999,
        0,
        0,
        0,
        0,
        1.389999999999999,
        0,
        0,
        0,
        0,
        1
      ],
      "name": "Sphere",
      "mesh": 10
    },
    {
      "matrix": [
        1,
        0,
        0,
        0,
        0,
        1,
        0,
        0,
        0,
        0,
        1,
        0,
        -0.6810077995496646,
        0.3405038997748307,
        0.6810077995496646,
        1
      ],
      "name": "Group",
      "children": [
        22
      ]
    },
    {
      "matrix": [
        -0.7624085184476639,
        0.5990697032467911,
        0.24464002462851245,
        0,
        0.5704229120566751,
        0.8006968781329183,
        -0.18303609138358806,
        0,
        -0.30553388093502887,
        1.3877787807814457e-16,
        -0.9521812052339507,
        0,
        -113.96412658691406,
        88.70870208740234,
        36.54999542236328,
        1
      ],
      "name": "Clone 4",
      "children": [
        23
      ]
    },
    {
      "matrix": [
        1.39,
        0,
        0,
        0,
        0,
        1.389999999999999,
        0,
        0,
        0,
        0,
        1.389999999999999,
        0,
        0,
        0,
        0,
        1
      ],
      "name": "Sphere",
      "mesh": 11
    },
    {
      "matrix": [
        1,
        0,
        0,
        0,
        0,
        1,
        0,
        0,
        0,
        0,
        1,
        0,
        -0.6810077995496646,
        0.3405038997748307,
        0.6810077995496646,
        1
      ],
      "name": "Group",
      "children": [
        25
      ]
    },
    {
      "matrix": [
        -0.6793841786545307,
        0.5591701179636668,
        0.47514831049937223,
        0,
        0.4582232478526444,
        0.829052941118056,
        -0.32047258221394714,
        0,
        -0.5731217958874736,
        8.326672684688674e-17,
        -0.8194701990180713,
        0,
        -102.02754974365234,
        82.54202270507812,
        70.49930572509766,
        1
      ],
      "name": "Clone 5",
      "children": [
        26
      ]
    },
    {
      "matrix": [
        1.39,
        0,
        0,
        0,
        0,
        1.389999999999999,
        0,
        0,
        0,
        0,
        1.389999999999999,
        0,
        0,
        0,
        0,
        1
      ],
      "name": "Sphere",
      "mesh": 12
    },
    {
      "matrix": [
        1,
        0,
        0,
        0,
        0,
        1,
        0,
        0,
        0,
        0,
        1,
        0,
        -0.6810077995496646,
        0.3405038997748307,
        0.6810077995496646,
        1
      ],
      "name": "Group",
      "children": [
        28
      ]
    },
    {
      "matrix": [
        -0.8394178268634804,
        0.4005896426899164,
        0.36729504504329646,
        0,
        0.36699515247920117,
        0.916257571957561,
        -0.1605821281687435,
        0,
        -0.40086440350891717,
        9.71445146547012e-17,
        -0.9161373969003994,
        0,
        -125.25869750976562,
        59.139137268066406,
        54.82499313354492,
        1
      ],
      "name": "Clone 6",
      "children": [
        29
      ]
    },
    {
      "matrix": [
        1.39,
        0,
        0,
        0,
        0,
        1.389999999999999,
        0,
        0,
        0,
        0,
        1.389999999999999,
        0,
        0,
        0,
        0,
        1
      ],
      "name": "Sphere",
      "mesh": 13
    },
    {
      "matrix": [
        1,
        0,
        0,
        0,
        0,
        1,
        0,
        0,
        0,
        0,
        1,
        0,
        -0.6810077995496646,
        0.3405038997748307,
        0.6810077995496646,
        1
      ],
      "name": "Group",
      "children": [
        31
      ]
    },
    {
      "matrix": [
        -0.7360017747827092,
        0.342018289434713,
        0.5842301577365339,
        0,
        0.26788109399685556,
        0.9396932955449628,
        -0.2126410820770412,
        0,
        -0.621724301435733,
        9.71445146547012e-17,
        -0.7832361668132097,
        0,
        -110.35670471191406,
        49.3530158996582,
        87.05536651611328,
        1
      ],
      "name": "Clone 7",
      "children": [
        32
      ]
    },
    {
      "matrix": [
        1.39,
        0,
        0,
        0,
        0,
        1.389999999999999,
        0,
        0,
        0,
        0,
        1.389999999999999,
        0,
        0,
        0,
        0,
        1
      ],
      "name": "Sphere",
      "mesh": 14
    },
    {
      "matrix": [
        1,
        0,
        0,
        0,
        0,
        1,
        0,
        0,
        0,
        0,
        1,
        0,
        -0.6810077995496646,
        0.3405038997748307,
        0.6810077995496646,
        1
      ],
      "name": "Group",
      "children": [
        34
      ]
    },
    {
      "matrix": [
        -0.8657205464921125,
        0.18924059755445535,
        0.4633745047136611,
        0,
        0.1668442236539883,
        0.981930749206497,
        -0.0893029047459559,
        0,
        -0.471901409634148,
        1.1102230246251565e-16,
        -0.8816513254032481,
        0,
        -129.00827026367188,
        27.935754776000977,
        69.06098175048828,
        1
      ],
      "name": "Clone 8",
      "children": [
        35
      ]
    },
    {
      "matrix": [
        1.39,
        0,
        0,
        0,
        0,
        1.389999999999999,
        0,
        0,
        0,
        0,
        1.389999999999999,
        0,
        0,
        0,
        0,
        1
      ],
      "name": "Sphere",
      "mesh": 15
    },
    {
      "matrix": [
        1,
        0,
        0,
        0,
        0,
        1,
        0,
        0,
        0,
        0,
        1,
        0,
        -0.6810077995496646,
        0.3405038997748307,
        0.6810077995496646,
        1
      ],
      "name": "Group",
      "children": [
        37
      ]
    },
    {
      "matrix": [
        -0.7498958637196471,
        0.11697902547862156,
        0.6511314008510395,
        0,
        0.08832851689761272,
        0.9931343854675821,
        -0.07669527693799755,
        0,
        -0.655632722397863,
        9.71445146547012e-17,
        -0.7550799516085482,
        0,
        -111.7430191040039,
        17.26524543762207,
        96.99674224853516,
        1
      ],
      "name": "Clone 9",
      "children": [
        38
      ]
    },
    {
      "matrix": [
        1.39,
        0,
        0,
        0,
        0,
        1.389999999999999,
        0,
        0,
        0,
        0,
        1.389999999999999,
        0,
        0,
        0,
        0,
        1
      ],
      "name": "Sphere",
      "mesh": 16
    },
    {
      "matrix": [
        1,
        0,
        0,
        0,
        0,
        1,
        0,
        0,
        0,
        0,
        1,
        0,
        -0.6810077995496646,
        0.3405038997748307,
        0.6810077995496646,
        1
      ],
      "name": "Group",
      "children": [
        40
      ]
    },
    {
      "matrix": [
        -0.8506508298676903,
        5.808119181121747e-17,
        0.5257310773060783,
        0,
        1.0417468159895067e-16,
        1,
        5.808119181121747e-17,
        0,
        -0.5257310773060783,
        1.0417468159895067e-16,
        -0.8506508298676903,
        0,
        -126.72401428222656,
        0,
        78.31974792480469,
        1
      ],
      "name": "Clone 10",
      "children": [
        41
      ]
    },
    {
      "matrix": [
        1.39,
        0,
        0,
        0,
        0,
        1.389999999999999,
        0,
        0,
        0,
        0,
        1.389999999999999,
        0,
        0,
        0,
        0,
        1
      ],
      "name": "Sphere",
      "mesh": 17
    },
    {
      "matrix": [
        1,
        0,
        0,
        0,
        0,
        1,
        0,
        0,
        0,
        0,
        1,
        0,
        -0.6810077995496646,
        0.3405038997748307,
        0.6810077995496646,
        1
      ],
      "name": "Group",
      "children": [
        43
      ]
    },
    {
      "matrix": [
        -0.36528741844132906,
        0.8431938538044116,
        0.3944480027011594,
        0,
        0.5729214717258434,
        0.5376096398935426,
        -0.6186573060499884,
        0,
        -0.7337070867614424,
        1.1102230246251565e-16,
        -0.6794659011576938,
        0,
        -54.82499313354492,
        125.25869750976562,
        59.139137268066406,
        1
      ],
      "name": "Clone 11",
      "children": [
        44
      ]
    },
    {
      "matrix": [
        1.39,
        0,
        0,
        0,
        0,
        1.389999999999999,
        0,
        0,
        0,
        0,
        1.389999999999999,
        0,
        0,
        0,
        0,
        1
      ],
      "name": "Sphere",
      "mesh": 18
    },
    {
      "matrix": [
        1,
        0,
        0,
        0,
        0,
        1,
        0,
        0,
        0,
        0,
        1,
        0,
        -0.6810077995496646,
        0.3405038997748307,
        0.6810077995496646,
        1
      ],
      "name": "Group",
      "children": [
        46
      ]
    },
    {
      "matrix": [
        -0.4743427589976521,
        0.6856020479704854,
        0.5522216754213578,
        0,
        0.44673193778362696,
        0.7279765324642521,
        -0.5200776326140255,
        0,
        -0.7585707104486574,
        5.551115123125783e-17,
        -0.6515907283329154,
        0,
        -70.49930572509766,
        102.02754974365234,
        82.54202270507812,
        1
      ],
      "name": "Clone 12",
      "children": [
        47
      ]
    },
    {
      "matrix": [
        1.39,
        0,
        0,
        0,
        0,
        1.389999999999999,
        0,
        0,
        0,
        0,
        1.389999999999999,
        0,
        0,
        0,
        0,
        1
      ],
      "name": "Sphere",
      "mesh": 19
    },
    {
      "matrix": [
        1,
        0,
        0,
        0,
        0,
        1,
        0,
        0,
        0,
        0,
        1,
        0,
        -0.6810077995496646,
        0.3405038997748307,
        0.6810077995496646,
        1
      ],
      "name": "Group",
      "children": [
        49
      ]
    },
    {
      "matrix": [
        -0.5536449124750233,
        0.48073277364485134,
        0.6799803756243646,
        0,
        0.30352973550496287,
        0.8768671509092629,
        -0.37279176401921643,
        0,
        -0.7754656733568618,
        5.551115123125783e-17,
        -0.6313897286503709,
        0,
        -82.54202270507812,
        70.49930572509766,
        102.02754974365234,
        1
      ],
      "name": "Clone 13",
      "children": [
        50
      ]
    },
    {
      "matrix": [
        1.39,
        0,
        0,
        0,
        0,
        1.389999999999999,
        0,
        0,
        0,
        0,
        1.389999999999999,
        0,
        0,
        0,
        0,
        1
      ],
      "name": "Sphere",
      "mesh": 20
    },
    {
      "matrix": [
        1,
        0,
        0,
        0,
        0,
        1,
        0,
        0,
        0,
        0,
        1,
        0,
        -0.6810077995496646,
        0.3405038997748307,
        0.6810077995496646,
        1
      ],
      "name": "Group",
      "children": [
        52
      ]
    },
    {
      "matrix": [
        -0.5948784589135214,
        0.24782070792736238,
        0.7646597386047304,
        0,
        0.1521700052273502,
        0.9688059128238127,
        -0.1956000838106346,
        0,
        -0.7892806272991767,
        5.551115123125783e-17,
        -0.6140326468276895,
        0,
        -88.70870208740234,
        36.54999542236328,
        113.96412658691406,
        1
      ],
      "name": "Clone 14",
      "children": [
        53
      ]
    },
    {
      "matrix": [
        1.39,
        0,
        0,
        0,
        0,
        1.389999999999999,
        0,
        0,
        0,
        0,
        1.389999999999999,
        0,
        0,
        0,
        0,
        1
      ],
      "name": "Sphere",
      "mesh": 21
    },
    {
      "matrix": [
        1,
        0,
        0,
        0,
        0,
        1,
        0,
        0,
        0,
        0,
        1,
        0,
        -0.6810077995496646,
        0.3405038997748307,
        0.6810077995496646,
        1
      ],
      "name": "Group",
      "children": [
        55
      ]
    },
    {
      "matrix": [
        -0.2440767168622422,
        0.7682740754460275,
        0.5917613550100246,
        0,
        0.2929411821558805,
        0.6401210393336182,
        -0.7102327215776274,
        0,
        -0.9244522811280548,
        0,
        -0.38129775755587114,
        0,
        -36.54999542236328,
        113.96412658691406,
        88.70870208740234,
        1
      ],
      "name": "Clone 15",
      "children": [
        56
      ]
    },
    {
      "matrix": [
        1.39,
        0,
        0,
        0,
        0,
        1.389999999999999,
        0,
        0,
        0,
        0,
        1.389999999999999,
        0,
        0,
        0,
        0,
        1
      ],
      "name": "Sphere",
      "mesh": 22
    },
    {
      "matrix": [
        1,
        0,
        0,
        0,
        0,
        1,
        0,
        0,
        0,
        0,
        1,
        0,
        -0.6810077995496646,
        0.3405038997748307,
        0.6810077995496646,
        1
      ],
      "name": "Group",
      "children": [
        58
      ]
    },
    {
      "matrix": [
        -0.33789581863904017,
        0.5886975719954418,
        0.734344322830186,
        0,
        0.24607857864726698,
        0.8083533687235253,
        -0.5347991813795803,
        0,
        -0.9084446867460856,
        5.551115123125783e-17,
        -0.418005085044197,
        0,
        -49.3530158996582,
        87.05536651611328,
        110.35670471191406,
        1
      ],
      "name": "Clone 16",
      "children": [
        59
      ]
    },
    {
      "matrix": [
        1.39,
        0,
        0,
        0,
        0,
        1.389999999999999,
        0,
        0,
        0,
        0,
        1.389999999999999,
        0,
        0,
        0,
        0,
        1
      ],
      "name": "Sphere",
      "mesh": 23
    },
    {
      "matrix": [
        1,
        0,
        0,
        0,
        0,
        1,
        0,
        0,
        0,
        0,
        1,
        0,
        -0.6810077995496646,
        0.3405038997748307,
        0.6810077995496646,
        1
      ],
      "name": "Group",
      "children": [
        61
      ]
    },
    {
      "matrix": [
        -0.3967053786159962,
        0.3710587191208534,
        0.83960721146351,
        0,
        0.15851765970999587,
        0.9286094049515068,
        -0.33549474600308477,
        0,
        -0.9041554037538047,
        5.551115123125783e-17,
        -0.4272037053476887,
        0,
        -59.139137268066406,
        54.82499313354492,
        125.25869750976562,
        1
      ],
      "name": "Clone 17",
      "children": [
        62
      ]
    },
    {
      "matrix": [
        1.39,
        0,
        0,
        0,
        0,
        1.389999999999999,
        0,
        0,
        0,
        0,
        1.389999999999999,
        0,
        0,
        0,
        0,
        1
      ],
      "name": "Sphere",
      "mesh": 24
    },
    {
      "matrix": [
        1,
        0,
        0,
        0,
        0,
        1,
        0,
        0,
        0,
        0,
        1,
        0,
        -0.6810077995496646,
        0.3405038997748307,
        0.6810077995496646,
        1
      ],
      "name": "Group",
      "children": [
        64
      ]
    },
    {
      "matrix": [
        -0.11557957426610566,
        0.6543983991815052,
        0.7472644091358487,
        0,
        0.10002657429797263,
        0.7561499422394233,
        -0.6467085504966892,
        0,
        -0.9882489799876739,
        -5.551115123125783e-17,
        -0.152852718501576,
        0,
        -17.26524543762207,
        96.99674224853516,
        111.7430191040039,
        1
      ],
      "name": "Clone 18",
      "children": [
        65
      ]
    },
    {
      "matrix": [
        1.39,
        0,
        0,
        0,
        0,
        1.389999999999999,
        0,
        0,
        0,
        0,
        1.389999999999999,
        0,
        0,
        0,
        0,
        1
      ],
      "name": "Sphere",
      "mesh": 25
    },
    {
      "matrix": [
        1,
        0,
        0,
        0,
        0,
        1,
        0,
        0,
        0,
        0,
        1,
        0,
        -0.6810077995496646,
        0.3405038997748307,
        0.6810077995496646,
        1
      ],
      "name": "Group",
      "children": [
        67
      ]
    },
    {
      "matrix": [
        -0.18734632235912452,
        0.4666201578707332,
        0.8643882135748977,
        0,
        0.09883972862821402,
        0.8844578159916345,
        -0.4560318846045844,
        0,
        -0.9773085815356437,
        5.551115123125783e-17,
        -0.21182052888421365,
        0,
        -27.935754776000977,
        69.06098175048828,
        129.00827026367188,
        1
      ],
      "name": "Clone 19",
      "children": [
        68
      ]
    },
    {
      "matrix": [
        1.39,
        0,
        0,
        0,
        0,
        1.389999999999999,
        0,
        0,
        0,
        0,
        1.389999999999999,
        0,
        0,
        0,
        0,
        1
      ],
      "name": "Sphere",
      "mesh": 26
    },
    {
      "matrix": [
        1,
        0,
        0,
        0,
        0,
        1,
        0,
        0,
        0,
        0,
        1,
        0,
        -0.6810077995496646,
        0.3405038997748307,
        0.6810077995496646,
        1
      ],
      "name": "Group",
      "children": [
        70
      ]
    },
    {
      "matrix": [
        3.3306690738754696e-16,
        0.5257310773060783,
        0.8506508298676903,
        0,
        0,
        0.8506508298676904,
        -0.5257310773060783,
        0,
        -0.9999999999999998,
        1.1102230246251565e-16,
        2.220446049250313e-16,
        0,
        0,
        78.31974792480469,
        126.72401428222656,
        1
      ],
      "name": "Clone 20",
      "children": [
        71
      ]
    },
    {
      "matrix": [
        1.39,
        0,
        0,
        0,
        0,
        1.389999999999999,
        0,
        0,
        0,
        0,
        1.389999999999999,
        0,
        0,
        0,
        0,
        1
      ],
      "name": "Sphere",
      "mesh": 27
    },
    {
      "matrix": [
        1,
        0,
        0,
        0,
        0,
        1,
        0,
        0,
        0,
        0,
        1,
        0,
        -0.6810077995496646,
        0.3405038997748307,
        0.6810077995496646,
        1
      ],
      "name": "Group",
      "children": [
        73
      ]
    },
    {
      "matrix": [
        -0.34491857061144904,
        0.9386326116470465,
        1.1957999834206079e-16,
        0,
        0.9386326116470465,
        0.3449185706114488,
        2.9638861578414555e-17,
        0,
        -1.3425360052270485e-17,
        1.2246467991473532e-16,
        -1,
        0,
        -51.795738220214844,
        139.67877197265625,
        0,
        1
      ],
      "name": "Clone 21",
      "children": [
        74
      ]
    },
    {
      "matrix": [
        1.39,
        0,
        0,
        0,
        0,
        1.389999999999999,
        0,
        0,
        0,
        0,
        1.389999999999999,
        0,
        0,
        0,
        0,
        1
      ],
      "name": "Sphere",
      "mesh": 28
    },
    {
      "matrix": [
        1,
        0,
        0,
        0,
        0,
        1,
        0,
        0,
        0,
        0,
        1,
        0,
        -0.6810077995496646,
        0.3405038997748307,
        0.6810077995496646,
        1
      ],
      "name": "Group",
      "children": [
        76
      ]
    },
    {
      "matrix": [
        -0.24368662617986447,
        0.9473538646829026,
        0.20769565063198564,
        0,
        0.7210049396565105,
        0.3201884680471312,
        -0.6145170639783268,
        0,
        -0.6486668676693661,
        5.551115123125783e-17,
        -0.7610724635591628,
        0,
        -37.70235061645508,
        140.85855102539062,
        30.501842498779297,
        1
      ],
      "name": "Clone 22",
      "children": [
        77
      ]
    },
    {
      "matrix": [
        1.39,
        0,
        0,
        0,
        0,
        1.389999999999999,
        0,
        0,
        0,
        0,
        1.389999999999999,
        0,
        0,
        0,
        0,
        1
      ],
      "name": "Sphere",
      "mesh": 29
    },
    {
      "matrix": [
        1,
        0,
        0,
        0,
        0,
        1,
        0,
        0,
        0,
        0,
        1,
        0,
        -0.6810077995496646,
        0.3405038997748307,
        0.6810077995496646,
        1
      ],
      "name": "Group",
      "children": [
        79
      ]
    },
    {
      "matrix": [
        -0.12554749676034604,
        0.899901774018541,
        0.4176297680667583,
        0,
        0.2590743405816135,
        0.4360926474022271,
        -0.861802581183138,
        0,
        -0.9576629428506742,
        5.551115123125783e-17,
        -0.2878917989290195,
        0,
        -19.48552894592285,
        133.55580139160156,
        63.056495666503906,
        1
      ],
      "name": "Clone 23",
      "children": [
        80
      ]
    },
    {
      "matrix": [
        1.39,
        0,
        0,
        0,
        0,
        1.389999999999999,
        0,
        0,
        0,
        0,
        1.389999999999999,
        0,
        0,
        0,
        0,
        1
      ],
      "name": "Sphere",
      "mesh": 30
    },
    {
      "matrix": [
        1,
        0,
        0,
        0,
        0,
        1,
        0,
        0,
        0,
        0,
        1,
        0,
        -0.6810077995496646,
        0.3405038997748307,
        0.6810077995496646,
        1
      ],
      "name": "Group",
      "children": [
        82
      ]
    },
    {
      "matrix": [
        3.3306690738754696e-16,
        0.7944415106062077,
        0.607340667357066,
        0,
        0,
        0.6073406673570663,
        -0.7944415106062077,
        0,
        -0.9999999999999998,
        1.1102230246251565e-16,
        2.220446049250313e-16,
        0,
        1.0464504222461486e-14,
        117.55721282958984,
        91.50552368164062,
        1
      ],
      "name": "Clone 24",
      "children": [
        83
      ]
    },
    {
      "matrix": [
        1.39,
        0,
        0,
        0,
        0,
        1.389999999999999,
        0,
        0,
        0,
        0,
        1.389999999999999,
        0,
        0,
        0,
        0,
        1
      ],
      "name": "Sphere",
      "mesh": 31
    },
    {
      "matrix": [
        1,
        0,
        0,
        0,
        0,
        1,
        0,
        0,
        0,
        0,
        1,
        0,
        -0.6810077995496646,
        0.3405038997748307,
        0.6810077995496646,
        1
      ],
      "name": "Group",
      "children": [
        85
      ]
    },
    {
      "matrix": [
        0.11557957426610554,
        0.6543983991815053,
        0.7472644091358487,
        0,
        -0.10002657429797268,
        0.7561499422394233,
        -0.6467085504966893,
        0,
        -0.9882489799876739,
        0,
        0.1528527185015761,
        0,
        17.26524543762207,
        96.99674224853516,
        111.7430191040039,
        1
      ],
      "name": "Clone 25",
      "children": [
        86
      ]
    },
    {
      "matrix": [
        1.39,
        0,
        0,
        0,
        0,
        1.389999999999999,
        0,
        0,
        0,
        0,
        1.389999999999999,
        0,
        0,
        0,
        0,
        1
      ],
      "name": "Sphere",
      "mesh": 32
    },
    {
      "matrix": [
        1,
        0,
        0,
        0,
        0,
        1,
        0,
        0,
        0,
        0,
        1,
        0,
        -0.6810077995496646,
        0.3405038997748307,
        0.6810077995496646,
        1
      ],
      "name": "Group",
      "children": [
        88
      ]
    },
    {
      "matrix": [
        -0.12117105573456222,
        0.9926316412709056,
        1.261889293464883e-16,
        0,
        0.9926316412709056,
        0.12117105573456188,
        -2.3061977266330125e-17,
        0,
        -3.8182494135757617e-17,
        1.2246467991473535e-16,
        -1.0000000000000004,
        0,
        -18.27499771118164,
        147.84783935546875,
        0,
        1
      ],
      "name": "Clone 26",
      "children": [
        89
      ]
    },
    {
      "matrix": [
        1.39,
        0,
        0,
        0,
        0,
        1.389999999999999,
        0,
        0,
        0,
        0,
        1.389999999999999,
        0,
        0,
        0,
        0,
        1
      ],
      "name": "Sphere",
      "mesh": 33
    },
    {
      "matrix": [
        1,
        0,
        0,
        0,
        0,
        1,
        0,
        0,
        0,
        0,
        1,
        0,
        -0.6810077995496646,
        0.3405038997748307,
        0.6810077995496646,
        1
      ],
      "name": "Group",
      "children": [
        91
      ]
    },
    {
      "matrix": [
        2.220446049250313e-16,
        0.9763111844253671,
        0.21637114217459064,
        0,
        -5.551115123125783e-17,
        0.21637114217459064,
        -0.9763111844253671,
        0,
        -1,
        1.6653345369377348e-16,
        0,
        0,
        2.704160307405879e-15,
        145.59852600097656,
        31.528247833251953,
        1
      ],
      "name": "Clone 27",
      "children": [
        92
      ]
    },
    {
      "matrix": [
        1.39,
        0,
        0,
        0,
        0,
        1.389999999999999,
        0,
        0,
        0,
        0,
        1.389999999999999,
        0,
        0,
        0,
        0,
        1
      ],
      "name": "Sphere",
      "mesh": 34
    },
    {
      "matrix": [
        1,
        0,
        0,
        0,
        0,
        1,
        0,
        0,
        0,
        0,
        1,
        0,
        -0.6810077995496646,
        0.3405038997748307,
        0.6810077995496646,
        1
      ],
      "name": "Group",
      "children": [
        94
      ]
    },
    {
      "matrix": [
        0.12554749676034538,
        0.8999017740185411,
        0.41762976806675783,
        0,
        -0.2590743405816136,
        0.43609264740222653,
        -0.8618025811831382,
        0,
        -0.9576629428506742,
        0,
        0.28789179892901917,
        0,
        19.48552894592285,
        133.55580139160156,
        63.056495666503906,
        1
      ],
      "name": "Clone 28",
      "children": [
        95
      ]
    },
    {
      "matrix": [
        1.39,
        0,
        0,
        0,
        0,
        1.389999999999999,
        0,
        0,
        0,
        0,
        1.389999999999999,
        0,
        0,
        0,
        0,
        1
      ],
      "name": "Sphere",
      "mesh": 35
    },
    {
      "matrix": [
        1,
        0,
        0,
        0,
        0,
        1,
        0,
        0,
        0,
        0,
        1,
        0,
        -0.6810077995496646,
        0.3405038997748307,
        0.6810077995496646,
        1
      ],
      "name": "Group",
      "children": [
        97
      ]
    },
    {
      "matrix": [
        0.2440767168622422,
        0.7682740754460275,
        0.5917613550100246,
        0,
        -0.2929411821558805,
        0.6401210393336182,
        -0.7102327215776274,
        0,
        -0.9244522811280548,
        5.551115123125783e-17,
        0.38129775755587114,
        0,
        36.54999542236328,
        113.96412658691406,
        88.70870208740234,
        1
      ],
      "name": "Clone 29",
      "children": [
        98
      ]
    },
    {
      "matrix": [
        1.39,
        0,
        0,
        0,
        0,
        1.389999999999999,
        0,
        0,
        0,
        0,
        1.389999999999999,
        0,
        0,
        0,
        0,
        1
      ],
      "name": "Sphere",
      "mesh": 36
    },
    {
      "matrix": [
        1,
        0,
        0,
        0,
        0,
        1,
        0,
        0,
        0,
        0,
        1,
        0,
        -0.6810077995496646,
        0.3405038997748307,
        0.6810077995496646,
        1
      ],
      "name": "Group",
      "children": [
        100
      ]
    },
    {
      "matrix": [
        0.12117105573456188,
        0.9926316412709055,
        4.626613125008465e-18,
        0,
        -0.9926316412709055,
        0.12117105573456188,
        -3.7901151821793796e-17,
        0,
        -3.81824941357576e-17,
        0,
        1,
        0,
        18.27499771118164,
        147.84783935546875,
        0,
        1
      ],
      "name": "Clone 30",
      "children": [
        101
      ]
    },
    {
      "matrix": [
        1.39,
        0,
        0,
        0,
        0,
        1.389999999999999,
        0,
        0,
        0,
        0,
        1.389999999999999,
        0,
        0,
        0,
        0,
        1
      ],
      "name": "Sphere",
      "mesh": 37
    },
    {
      "matrix": [
        1,
        0,
        0,
        0,
        0,
        1,
        0,
        0,
        0,
        0,
        1,
        0,
        -0.6810077995496646,
        0.3405038997748307,
        0.6810077995496646,
        1
      ],
      "name": "Group",
      "children": [
        103
      ]
    },
    {
      "matrix": [
        0.24368662617986403,
        0.9473538646829026,
        0.20769565063198533,
        0,
        -0.7210049396565102,
        0.32018846804713086,
        -0.6145170639783273,
        0,
        -0.6486668676693663,
        -5.551115123125783e-17,
        0.7610724635591626,
        0,
        37.70235061645508,
        140.85855102539062,
        30.501842498779297,
        1
      ],
      "name": "Clone 31",
      "children": [
        104
      ]
    },
    {
      "matrix": [
        1.39,
        0,
        0,
        0,
        0,
        1.389999999999999,
        0,
        0,
        0,
        0,
        1.389999999999999,
        0,
        0,
        0,
        0,
        1
      ],
      "name": "Sphere",
      "mesh": 38
    },
    {
      "matrix": [
        1,
        0,
        0,
        0,
        0,
        1,
        0,
        0,
        0,
        0,
        1,
        0,
        -0.6810077995496646,
        0.3405038997748307,
        0.6810077995496646,
        1
      ],
      "name": "Group",
      "children": [
        106
      ]
    },
    {
      "matrix": [
        0.36528741844132906,
        0.8431938538044117,
        0.3944480027011591,
        0,
        -0.5729214717258435,
        0.5376096398935424,
        -0.6186573060499885,
        0,
        -0.7337070867614425,
        -5.551115123125783e-17,
        0.679465901157694,
        0,
        54.82499313354492,
        125.25869750976562,
        59.139137268066406,
        1
      ],
      "name": "Clone 32",
      "children": [
        107
      ]
    },
    {
      "matrix": [
        1.39,
        0,
        0,
        0,
        0,
        1.389999999999999,
        0,
        0,
        0,
        0,
        1.389999999999999,
        0,
        0,
        0,
        0,
        1
      ],
      "name": "Sphere",
      "mesh": 39
    },
    {
      "matrix": [
